111111111111111111111111111111
110000000000001100000000000011
110111101111101101111101111011
110111101111101101111101111011
110111101111101101111101111011
110000000000000000000000000011
110111101101111111101101111011
110111101101111111101101111011
110000001100001100001100000011
111111101111121121111101111111
111111101111121121111101111111
111111101122222222221101111111
111111101121111111121101111111
111111102221222222122201111111
111111101121111111121101111111
111111101122222222221101111111
111111101111121121111101111111
111111101111121121111101111111
110000001100001100001100000011
110111101101111111101101111011
110111101101111111101101111011
110000000000000000000000000011
110111101111101101111101111011
110111101111101101111101111011
110111101111101101111101111011
110000000000001100000000000011
111111111111111111111111111111
